20210500|0033|M1|22/05/2021||07|E001|39||6|20136165667|PESQUERA HAYDUK S.A.||780.01|0.00|140.40|0.00|0.00|0.00|0.00|0.00|0.00|0.00|0.00|920.41|PEN|1.000|22/05/2021|01|E001|770||||1|
20210500|0036|M1|17/05/2021||03|EB01|137||1|15380508|MIGUEL ANGEL CAMBILLO MOYANO||42.37|0.00|7.63|0.00|0.00|0.00|0.00|0.00|0.00|0.00|0.00|50.00|PEN|1.000||||||||1|
20210500|0035|M1|17/05/2021||03|EB01|138||1|46356592|KARINA DEL PILAR MARIÑOS ARANDA||423.73|0.00|76.27|0.00|0.00|0.00|0.00|0.00|0.00|0.00|0.00|500.00|PEN|1.000||||||||1|
20210500|0037|M1|31/05/2021||03|EB01|139||1|40300659|DENYS ASUNCION PALOMINO MONTERO||177.12|0.00|31.88|0.00|0.00|0.00|0.00|0.00|0.00|0.00|0.00|209.00|PEN|1.000||||||||1|
20210500|0001|M1|03/05/2021||01|E001|752||6|20136165667|PESQUERA HAYDUK S.A.||1319.62|0.00|237.53|0.00|0.00|0.00|0.00|0.00|0.00|0.00|0.00|1557.15|USD|3.792||||||||1|
20210500|0002|M1|03/05/2021||01|E001|753||6|20136165667|PESQUERA HAYDUK S.A.||3524.66|0.00|634.44|0.00|0.00|0.00|0.00|0.00|0.00|0.00|0.00|4159.10|USD|3.792||||||||1|
20210500|0003|M1|03/05/2021||01|E001|754||6|20136165667|PESQUERA HAYDUK S.A.||1906.99|0.00|343.26|0.00|0.00|0.00|0.00|0.00|0.00|0.00|0.00|2250.25|USD|3.792||||||||1|
20210500|0004|M1|03/05/2021||01|E001|755||6|20136165667|PESQUERA HAYDUK S.A.||787.51|0.00|141.75|0.00|0.00|0.00|0.00|0.00|0.00|0.00|0.00|929.27|USD|3.792||||||||1|
20210500|0005|M1|03/05/2021||01|E001|756||6|20136165667|PESQUERA HAYDUK S.A.||530.88|0.00|95.56|0.00|0.00|0.00|0.00|0.00|0.00|0.00|0.00|626.44|USD|3.792||||||||1|
20210500|0006|M1|03/05/2021||01|E001|757||6|20136165667|PESQUERA HAYDUK S.A.||690.40|0.00|124.27|0.00|0.00|0.00|0.00|0.00|0.00|0.00|0.00|814.67|USD|3.792||||||||1|
20210500|0007|M1|03/05/2021||01|E001|758||6|20136165667|PESQUERA HAYDUK S.A.||1427.43|0.00|256.94|0.00|0.00|0.00|0.00|0.00|0.00|0.00|0.00|1684.37|USD|3.792||||||||1|
20210500|0008|M1|03/05/2021||01|E001|759||6|20136165667|PESQUERA HAYDUK S.A.||1440.96|0.00|259.37|0.00|0.00|0.00|0.00|0.00|0.00|0.00|0.00|1700.33|USD|3.792||||||||1|
20210500|0009|M1|03/05/2021||01|E001|760||6|20136165667|PESQUERA HAYDUK S.A.||2654.40|0.00|477.79|0.00|0.00|0.00|0.00|0.00|0.00|0.00|0.00|3132.19|USD|3.792||||||||1|
20210500|0010|M1|03/05/2021||01|E001|761||6|20136165667|PESQUERA HAYDUK S.A.||2891.62|0.00|520.49|0.00|0.00|0.00|0.00|0.00|0.00|0.00|0.00|3412.12|USD|3.792||||||||1|
20210500|0011|M1|03/05/2021||01|E001|762||6|20136165667|PESQUERA HAYDUK S.A.||2191.78|0.00|394.52|0.00|0.00|0.00|0.00|0.00|0.00|0.00|0.00|2586.30|USD|3.792||||||||1|
20210500|0012|M1|03/05/2021||01|E001|763||6|20136165667|PESQUERA HAYDUK S.A.||6439.17|0.00|1159.05|0.00|0.00|0.00|0.00|0.00|0.00|0.00|0.00|7598.22|USD|3.792||||||||1|
20210500|0013|M1|03/05/2021||01|E001|764||6|20136165667|PESQUERA HAYDUK S.A.||7527.12|0.00|1354.88|0.00|0.00|0.00|0.00|0.00|0.00|0.00|0.00|8882.00|USD|3.792||||||||1|
20210500|0014|M1|04/05/2021||01|E001|765||6|20605594591|INDUSTRIA PESQUERA DEL PACIFICO S.A.C.||2400.85|0.00|432.15|0.00|0.00|0.00|0.00|0.00|0.00|0.00|0.00|2833.00|PEN|1.000||||||||1|
20210500|0015|M1|05/05/2021||01|E001|766||6|20136165667|PESQUERA HAYDUK S.A.||766.43|0.00|137.96|0.00|0.00|0.00|0.00|0.00|0.00|0.00|0.00|904.39|USD|3.832||||||||1|
20210500|0016|M1|10/05/2021||01|E001|767||6|20175140591|COLPEX INTERNATIONAL S.A.C.||1200.00|0.00|216.00|0.00|0.00|0.00|0.00|0.00|0.00|0.00|0.00|1416.00|PEN|1.000||||||||1|
20210500|0017|M1|22/05/2021||01|E001|768||6|20175140591|COLPEX INTERNATIONAL S.A.C.||855.00|0.00|153.90|0.00|0.00|0.00|0.00|0.00|0.00|0.00|0.00|1008.90|PEN|1.000||||||||1|
20210500|0018|M1|22/05/2021||01|E001|769||6|20605594591|INDUSTRIA PESQUERA DEL PACIFICO S.A.C.||80.51|0.00|14.49|0.00|0.00|0.00|0.00|0.00|0.00|0.00|0.00|95.00|PEN|1.000||||||||1|
20210500|0019|M1|22/05/2021||01|E001|770||6|20136165667|PESQUERA HAYDUK S.A.||780.01|0.00|140.40|0.00|0.00|0.00|0.00|0.00|0.00|0.00|0.00|920.41|PEN|1.000||||||||1|
20210500|0020|M1|22/05/2021||01|E001|771||6|20136165667|PESQUERA HAYDUK S.A.||2921.13|0.00|525.80|0.00|0.00|0.00|0.00|0.00|0.00|0.00|0.00|3446.94|USD|3.745||||||||1|
20210500|0021|M1|22/05/2021||01|E001|772||6|20136165667|PESQUERA HAYDUK S.A.||3714.25|0.00|668.56|0.00|0.00|0.00|0.00|0.00|0.00|0.00|0.00|4382.81|USD|3.745||||||||1|
20210500|0022|M1|22/05/2021||01|E001|773||6|20136165667|PESQUERA HAYDUK S.A.||1460.55|0.00|262.90|0.00|0.00|0.00|0.00|0.00|0.00|0.00|0.00|1723.45|USD|3.745||||||||1|
20210500|0023|M1|22/05/2021||01|E001|774||6|20136165667|PESQUERA HAYDUK S.A.||7415.10|0.00|1334.72|0.00|0.00|0.00|0.00|0.00|0.00|0.00|0.00|8749.82|USD|3.745||||||||1|
20210500|0024|M1|22/05/2021||01|E001|775||6|20136165667|PESQUERA HAYDUK S.A.||6185.28|0.00|1113.35|0.00|0.00|0.00|0.00|0.00|0.00|0.00|0.00|7298.63|USD|3.745||||||||1|
20210500|0025|M1|22/05/2021||01|E001|776||6|20136165667|PESQUERA HAYDUK S.A.||7994.50|0.00|1439.01|0.00|0.00|0.00|0.00|0.00|0.00|0.00|0.00|9433.51|USD|3.745||||||||1|
20210500|0026|M1|22/05/2021||01|E001|777||6|20136165667|PESQUERA HAYDUK S.A.||1797.60|0.00|323.57|0.00|0.00|0.00|0.00|0.00|0.00|0.00|0.00|2121.17|USD|3.745||||||||1|
20210500|0027|M1|22/05/2021||01|E001|778||6|20136165667|PESQUERA HAYDUK S.A.||1685.25|0.00|303.35|0.00|0.00|0.00|0.00|0.00|0.00|0.00|0.00|1988.60|USD|3.745||||||||1|
20210500|0028|M1|22/05/2021||01|E001|779||6|20136165667|PESQUERA HAYDUK S.A.||2051.40|0.00|369.25|0.00|0.00|0.00|0.00|0.00|0.00|0.00|0.00|2420.66|USD|3.745||||||||1|
20210500|0031|M1|25/05/2021||01|E001|780||6|20531954310|CONSTRUCTORA DUBAI SAC||330.51|0.00|59.49|0.00|0.00|0.00|0.00|0.00|0.00|0.00|0.00|390.00|PEN|1.000||||||||1|
20210500|0030|M1|27/05/2021||01|E001|781||6|20164113532|UNIVERSIDAD CESAR VALLEJO S.A.C.||2118.64|0.00|381.36|0.00|0.00|0.00|0.00|0.00|0.00|0.00|0.00|2500.00|PEN|1.000||||||||1|
